1	30 21 17.74	076 22 06.70
2		
3		
4	30 21 17 4B	076 22 06.70
5		
6		
7		
8	30 21 17 22	076 22 06.70
9	30 21 17.22	076 22 06.81
10	30 21 17 21	076 22 06.96
11		
12	30 21 17 Z1	076 22 06.97
13	30 21 17 23	076 22 07.03
14	30 21 17 24	076 22 07.05
15	3021 17 J3	076 22 07.06
16		
17	30 21 17.69	076 22 07.06
18	30 21 17.92	076 22 07.06
19	30 21 18.IS	076 22 07.O5
20	30 21 18.46	076 22 07.06
21	30 21 18.ZO	076 22 07.06
22	30 21 18.98	076 22 07.07
23	3021 19 2B	076 22 07.07
24	3021 19.43	076 22 07.06
25	30 21 19.4S	076 22 07.06
26	3021 19.4S	076 22 07.05
27	3021 19.46	076 22 07.O5
28	30 21 19.46	076 22 07.05
29		
30		
31	30 21 19.46	076 22 07.O9
32	30 21 19.46	076 22 07.20
33	30 21 19.46	076 22 07.21
34	30 21 19.49	076 22 07.28
35		
36	3021 19.65	076 22 07.60
37	3021 19.ZO	076 22 07.71
38		
39	30 21 19.75	076 22 07.96
40	30 21 19 BO	076 22 08.17
41	30 21 19.82	076 22 08.31
42	30 21 19.81	076 22 08.38
43		
44		
45	30 21 19.74	076 22 08.73
46		
47		
48	30 21 19.73	076 22 08.73
49	30 21 19.73	076 22 08.73
50		
51		
52		
53		
54		
55	3021 19 8A	076 22 09 29
56	30 21 19 83	076 22 09.41
57	30 21 19 81	076 22 09.45
58	3021 19.79	076 22 09 50
59		
60	3021 19 BO	076 22 09.51
61		
62	3021 19.79	076 22 09.52
63		
64		
65		
66	30 21 19.78	076 22 09.51
67		
68		
69		
70	3021 19.77	076 22 09.51
71		
72		
73	30 21 19.76	076 22 09.51
74	3021 19.76	076 22 09.51
75	30 21 19.76	076 22 09.51
76	30 21 19.76	076 22 09.51
77	30 21 19.75	076 22 09.51
78	30 21 19.75	076 22 09.51
79	30 21 19.74	076 22 09.51
80	30 21 19.74	076 22 09.51
81	3021 19.74	076 22 09 51
82	30 21 19.74	076 22 09.51
83	30 21 19.73	076 22 09.49
84	30 21 19.74	076 22 09.45
85		
86	30 21 19.7S	076 22 09 04
87	30 21 19.76	076 22 08 80
88	30 21 19.75	076 22 08.64
89		
90	30 21 19.ZO	076 22 08.60
91		
92	30 21 19.67	076 22 08.29
93	30 21 19.65	076 22 08. OB
94	3021 19.63	076 22 07.78
95	30 21 19.6O	076 22 07.48
96	30 21 19.S8	076 22 07.34
97	30 21 19 56	076 22 07.16
98	30 21 19.SS	076 22 06. 94
99	30 21 19.53	076 22 06.73
